Generating SQLite file nsys-g0-l3full.sqlite from nsys-g0-l3full.nsys-rep
Processing [nsys-g0-l3full.sqlite] with [/opt/nvidia/nsight-systems/2025.3.2/host-linux-armv8/reports/cuda_api_sum.py]... 

 ** CUDA API Summary (cuda_api_sum):

+----------+-----------------+-----------+-----------------+-----------------+---------------+---------------+--------------+-----------------------------------------+
| Time (%) | Total Time (ns) | Num Calls |    Avg (ns)     |    Med (ns)     |   Min (ns)    |   Max (ns)    | StdDev (ns)  |                  Name                   |
+----------+-----------------+-----------+-----------------+-----------------+---------------+---------------+--------------+-----------------------------------------+
|     42,0 | 369 978 094 800 |    43 765 |     8 453 743,0 |     5 151 488,0 |         5 808 | 2 856 536 400 | 39 370 533,0 | cuGraphLaunch                           |
|     26,0 | 230 969 983 568 |   102 143 |     2 261 241,0 |           336,0 |           224 |   974 519 536 | 15 569 431,0 | cuStreamSynchronize                     |
|     26,0 | 230 438 577 680 |    20 065 |    11 484 603,0 |       552 608,0 |         6 480 |   670 978 048 | 32 893 853,0 | cuEventSynchronize                      |
|      2,0 |  23 234 923 728 |    63 429 |       366 313,0 |       271 776,0 |         2 768 |    32 114 704 |  1 721 430,0 | cuMemcpyDtoHAsync_v2                    |
|      1,0 |  11 095 692 576 |    12 426 |       892 941,0 |           720,0 |           400 |    32 820 112 |  3 467 710,0 | cudaLaunchKernel                        |
|      0,0 |   1 755 569 424 |         1 | 1 755 569 424,0 | 1 755 569 424,0 | 1 755 569 424 | 1 755 569 424 |          0,0 | cuMemCreate                             |
|      0,0 |   1 730 324 912 |       276 |     6 269 293,0 |     5 084 744,0 |         4 480 |    31 538 432 |  7 016 610,0 | cudaMemcpyAsync                         |
|      0,0 |   1 177 063 520 |    37 346 |        31 517,0 |        16 944,0 |         6 688 |    38 857 424 |    424 926,0 | cuModuleLoadFatBinary                   |
|      0,0 |     873 722 384 |    59 866 |        14 594,0 |         2 064,0 |         1 056 |   408 429 104 |  2 015 303,0 | cuMemHostAlloc                          |
|      0,0 |     444 878 256 |         1 |   444 878 256,0 |   444 878 256,0 |   444 878 256 |   444 878 256 |          0,0 | cuMemUnmap                              |
|      0,0 |     426 679 584 |   134 572 |         3 170,0 |         2 272,0 |           208 |       379 360 |      2 958,0 | cuLaunchKernel                          |
|      0,0 |     417 130 272 |    19 462 |        21 433,0 |         3 456,0 |           416 |    64 632 416 |    919 850,0 | cuLaunchHostFunc                        |
|      0,0 |     414 900 544 |    59 866 |         6 930,0 |         1 488,0 |         1 008 |   147 263 200 |    798 804,0 | cuMemFreeHost                           |
|      0,0 |     407 828 192 |         1 |   407 828 192,0 |   407 828 192,0 |   407 828 192 |   407 828 192 |          0,0 | cuMemSetAccess                          |
|      0,0 |     272 398 896 |    37 346 |         7 293,0 |         3 648,0 |         2 064 |     2 361 984 |     42 187,0 | cuModuleUnload                          |
|      0,0 |     230 255 712 |    51 639 |         4 458,0 |         2 864,0 |         1 904 |     1 109 440 |      6 905,0 | cuLaunchKernelEx                        |
|      0,0 |     139 585 712 |         1 |   139 585 712,0 |   139 585 712,0 |   139 585 712 |   139 585 712 |          0,0 | cuMemRelease                            |
|      0,0 |     137 174 528 |    76 150 |         1 801,0 |         1 472,0 |           128 |     7 304 688 |     31 223,0 | cuEventRecord                           |
|      0,0 |     120 004 272 |       127 |       944 915,0 |       245 856,0 |        29 136 |    76 049 024 |  6 729 545,0 | cuGraphInstantiateWithFlags             |
|      0,0 |     113 518 736 |    41 240 |         2 752,0 |         1 696,0 |         1 328 |       107 904 |      3 960,0 | cuMemsetD32Async                        |
|      0,0 |     102 476 496 |   144 200 |           710,0 |           496,0 |           384 |        67 120 |      1 034,0 | cuGraphExecMemcpyNodeSetParams          |
|      0,0 |     100 513 632 |        61 |     1 647 764,0 |        30 528,0 |         9 104 |    10 510 016 |  2 924 596,0 | cuLibraryLoadData                       |
|      0,0 |      75 254 544 |    82 951 |           907,0 |           640,0 |           272 |        14 128 |      1 064,0 | cuGraphExecKernelNodeSetParams_v2       |
|      0,0 |      53 187 456 |    60 445 |           879,0 |           384,0 |           208 |     1 786 528 |      7 617,0 | cudaGetFuncBySymbol_v11000              |
|      0,0 |      49 427 392 |   595 524 |            83,0 |            48,0 |             0 |       105 520 |        220,0 | cuCtxSetCurrent                         |
|      0,0 |      47 085 072 |       127 |       370 748,0 |        91 712,0 |        14 848 |    17 865 472 |  1 602 451,0 | cuGraphExecDestroy                      |
|      0,0 |      44 019 344 |     3 157 |        13 943,0 |        10 912,0 |            80 |       162 592 |     12 461,0 | cuMemcpyHtoDAsync_v2                    |
|      0,0 |      38 819 264 |    43 247 |           897,0 |           656,0 |            96 |       143 968 |      1 059,0 | cuEventCreate                           |
|      0,0 |      27 161 456 |    18 277 |         1 486,0 |           880,0 |           384 |     6 896 848 |     51 139,0 | cuGraphDestroy                          |
|      0,0 |      23 535 200 |    14 802 |         1 590,0 |         1 200,0 |           736 |        30 192 |      1 897,0 | cuGraphExecChildGraphNodeSetParams      |
|      0,0 |      21 183 696 |    21 641 |           978,0 |           368,0 |           128 |        17 440 |      1 318,0 | cuStreamWaitEvent                       |
|      0,0 |      18 417 376 |     1 204 |        15 296,0 |        15 392,0 |         3 040 |       150 432 |      6 992,0 | cuMemcpyDtoDAsync_v2                    |
|      0,0 |      16 489 952 |    18 965 |           869,0 |           608,0 |           368 |        34 144 |      1 040,0 | cuGraphCreate                           |
|      0,0 |      15 362 256 |    22 167 |           693,0 |           512,0 |            64 |        77 584 |      1 968,0 | cuGraphAddNode_v2                       |
|      0,0 |      12 534 496 |    43 241 |           289,0 |           176,0 |            64 |        24 960 |        372,0 | cuEventDestroy_v2                       |
|      0,0 |       9 477 536 |       164 |        57 789,0 |        55 408,0 |         6 096 |       100 912 |     10 727,0 | cuMemGetInfo_v2                         |
|      0,0 |       8 888 800 |     7 402 |         1 200,0 |           224,0 |           144 |       252 016 |      3 836,0 | cudaMemsetAsync                         |
|      0,0 |       7 865 792 |     9 660 |           814,0 |           144,0 |            96 |     2 017 920 |     22 539,0 | cuKernelGetFunction                     |
|      0,0 |       6 210 032 |    18 150 |           342,0 |            80,0 |            32 |     1 099 424 |     12 329,0 | cuStreamBeginCaptureToGraph             |
|      0,0 |       5 974 640 |    25 313 |           236,0 |            48,0 |             0 |        70 400 |        721,0 | cuStreamIsCapturing                     |
|      0,0 |       5 826 064 |     3 426 |         1 700,0 |         1 216,0 |           640 |        68 384 |      2 638,0 | cuGraphAddChildGraphNode                |
|      0,0 |       5 253 392 |    34 516 |           152,0 |            64,0 |             0 |        53 040 |        407,0 | cuTensorMapEncodeTiled                  |
|      0,0 |       4 869 152 |       124 |        39 267,0 |         5 480,0 |         2 320 |     4 095 952 |    367 351,0 | cudaLaunchKernelExC_v11060              |
|      0,0 |       2 616 448 |         7 |       373 778,0 |         7 440,0 |         2 320 |     2 451 680 |    917 612,0 | cudaMalloc                              |
|      0,0 |       2 361 824 |        22 |       107 355,0 |        11 352,0 |         1 408 |     1 128 992 |    243 683,0 | cuStreamCreate                          |
|      0,0 |       2 116 528 |       104 |        20 351,0 |         1 048,0 |           144 |       526 960 |     55 092,0 | cuKernelSetAttribute                    |
|      0,0 |       1 954 864 |     2 032 |           962,0 |           336,0 |           256 |        96 672 |      4 105,0 | cuGraphAddMemcpyNode                    |
|      0,0 |       1 894 416 |     1 318 |         1 437,0 |           816,0 |           160 |        14 208 |      1 683,0 | cudaStreamIsCapturing_v10000            |
|      0,0 |       1 784 288 |        24 |        74 345,0 |         2 792,0 |         2 256 |     1 660 480 |    337 938,0 | cuStreamDestroy_v2                      |
|      0,0 |       1 650 768 |    18 150 |            91,0 |            80,0 |            32 |         5 760 |         97,0 | cuStreamEndCapture                      |
|      0,0 |       1 587 680 |       113 |        14 050,0 |           704,0 |           112 |       847 008 |     85 157,0 | cuLibraryGetKernel                      |
|      0,0 |       1 477 840 |        32 |        46 182,0 |         2 032,0 |         1 408 |       300 576 |     76 527,0 | cudaStreamCreateWithFlags               |
|      0,0 |       1 332 576 |    21 841 |            61,0 |            48,0 |             0 |         2 816 |         81,0 | cuStreamGetGreenCtx                     |
|      0,0 |       1 264 560 |         2 |       632 280,0 |       632 280,0 |         4 784 |     1 259 776 |    887 413,0 | cudaHostAlloc                           |
|      0,0 |         741 056 |    12 426 |            59,0 |            48,0 |             0 |         5 136 |        138,0 | cuKernelGetName                         |
|      0,0 |         728 848 |    21 412 |            34,0 |            32,0 |             0 |         2 448 |         18,0 | cuGraphNodeGetType                      |
|      0,0 |         727 792 |    18 150 |            40,0 |            32,0 |             0 |         5 696 |         50,0 | cuGraphGetRootNodes                     |
|      0,0 |         365 312 |         8 |        45 664,0 |         5 688,0 |         1 728 |       185 408 |     75 057,0 | cuStreamCreateWithPriority              |
|      0,0 |         251 568 |         4 |        62 892,0 |        64 304,0 |        38 688 |        84 272 |     24 286,0 | cuModuleLoadData                        |
|      0,0 |         250 256 |     1 781 |           140,0 |           128,0 |            16 |         3 904 |        133,0 | cuGetProcAddress_v2                     |
|      0,0 |          38 832 |         2 |        19 416,0 |        19 416,0 |        10 224 |        28 608 |     12 999,0 | cuCtxSynchronize                        |
|      0,0 |          28 288 |         1 |        28 288,0 |        28 288,0 |        28 288 |        28 288 |          0,0 | cuMemAddressReserve                     |
|      0,0 |          20 656 |         3 |         6 885,0 |         5 264,0 |           992 |        14 400 |      6 849,0 | cudaFree                                |
|      0,0 |          16 496 |        20 |           824,0 |           400,0 |           272 |         3 152 |        798,0 | cudaEventCreateWithFlags                |
|      0,0 |          12 960 |        98 |           132,0 |            96,0 |            80 |         1 424 |        177,0 | cuOccupancyMaxActiveClusters            |
|      0,0 |          11 168 |         7 |         1 595,0 |         1 424,0 |           448 |         3 472 |      1 296,0 | cuInit                                  |
|      0,0 |          11 008 |         1 |        11 008,0 |        11 008,0 |        11 008 |        11 008 |          0,0 | cuMemAddressFree                        |
|      0,0 |           9 520 |         1 |         9 520,0 |         9 520,0 |         9 520 |         9 520 |          0,0 | cuMemMap                                |
|      0,0 |           4 784 |         2 |         2 392,0 |         2 392,0 |           592 |         4 192 |      2 545,0 | cuMemGetAllocationGranularity           |
|      0,0 |           1 840 |         4 |           460,0 |           432,0 |           128 |           848 |        377,0 | cuOccupancyAvailableDynamicSMemPerBlock |
|      0,0 |             768 |         3 |           256,0 |           192,0 |           176 |           400 |        125,0 | cudaGetDriverEntryPointByVersion_v12050 |
|      0,0 |             416 |         4 |           104,0 |            96,0 |            64 |           160 |         42,0 | cuModuleGetLoadingMode                  |
|      0,0 |             192 |         2 |            96,0 |            96,0 |            64 |           128 |         45,0 | cudaGetDeviceProperties_v12000          |
+----------+-----------------+-----------+-----------------+-----------------+---------------+---------------+--------------+-----------------------------------------+

