 Time (%)  Total Time (ns)  Instances    Avg (ns)       Med (ns)      Min (ns)     Max (ns)      StdDev (ns)                                                   Name                                                
 --------  ---------------  ---------  -------------  -------------  ----------  -------------  -------------  ----------------------------------------------------------------------------------------------------
      9,0   49 631 625 760     62 312      796 501,0       56 576,0         896  1 147 995 712   16 049 808,0  gemm_fusion_dot_general_1                                                                           
      7,0   39 471 957 568        250  157 887 830,0  150 377 616,0   3 369 088    672 675 232  120 957 981,0  gemm_fusion_dot_495                                                                                 
      7,0   39 151 366 432        248  157 868 413,0  149 903 232,0       9 632    959 576 096  144 326 685,0  gemm_fusion_dot_513                                                                                 
      6,0   35 181 291 616        370   95 084 571,0   19 746 096,0       3 360    719 702 656  130 180 491,0  gemm_fusion_dot_493                                                                                 
      2,0   14 649 616 992        146  100 339 842,0   89 055 808,0     151 456    183 620 192   60 237 206,0  gemm_fusion_dot_607                                                                                 
      2,0   12 809 657 728     12 820      999 193,0      414 560,0      31 712    404 975 552    6 312 512,0  void cutlass::Kernel2<cutlass_80_simt_sgemm_256x128_8x4_nn_align1>(T1::Params)                      
      2,0   12 614 912 224        164   76 920 196,0   79 802 384,0      39 680    236 383 360   69 015 834,0  gemm_fusion_dot_599                                                                                 
      2,0   11 460 918 138     14 890      769 705,0       82 576,0       1 152     37 413 152    3 734 443,0  void stream_executor::gpu::xla_fp_comparison<float>(T1 *, T1 *, float, unsigned long, int *)        
      2,0   11 012 049 600        172   64 023 544,0   63 101 952,0   1 824 832    152 477 568   40 036 169,0  gemm_fusion_dot_1995                                                                                
      2,0   10 668 147 072     77 264      138 074,0      134 144,0     113 152        417 472       15 611,0  stream_executor::gpu::RedzoneAllocatorKernelImpl(unsigned char *, unsigned char, unsigned long, uns…
      1,0    8 836 804 320        262   33 728 260,0   13 799 760,0      24 896    236 494 176   47 272 394,0  gemm_fusion_dot_1617                                                                                
      1,0    8 611 238 144        206   41 802 126,0   40 348 608,0     236 000    154 945 216   34 092 921,0  gemm_fusion_dot_1601                                                                                
      1,0    8 499 324 512         98   86 727 801,0   81 557 904,0         992    175 805 728   60 408 790,0  gemm_fusion_dot_592                                                                                 
